# Created by Octave 3.8.0, Fri Mar 21 00:23:20 2014 CDT <anupsawant@Anups-MacBook-Pro.local>
# name: idx
# type: matrix
# rows: 353
# columns: 1
 2
 3
 1
 1
 1
 1
 1
 1
 2
 1
 2
 3
 1
 2
 3
 3
 3
 3
 3
 3
 3
 1
 1
 3
 2
 1
 3
 3
 2
 3
 2
 3
 2
 3
 1
 3
 1
 3
 2
 2
 2
 1
 2
 2
 1
 1
 1
 1
 1
 1
 1
 3
 2
 3
 2
 2
 1
 3
 3
 1
 2
 1
 1
 3
 3
 1
 1
 1
 2
 1
 3
 3
 2
 2
 2
 2
 2
 3
 2
 3
 3
 3
 1
 3
 1
 3
 3
 2
 3
 1
 2
 3
 2
 1
 3
 3
 1
 1
 1
 3
 3
 3
 3
 3
 1
 3
 1
 3
 3
 2
 2
 1
 3
 2
 3
 3
 3
 2
 2
 1
 2
 1
 3
 3
 2
 3
 2
 2
 2
 2
 2
 2
 2
 2
 2
 1
 1
 1
 1
 1
 3
 1
 1
 1
 3
 1
 2
 1
 1
 2
 2
 3
 2
 1
 2
 3
 1
 2
 3
 1
 1
 3
 1
 1
 1
 1
 3
 3
 1
 3
 3
 1
 3
 1
 1
 3
 3
 3
 1
 3
 1
 3
 2
 1
 1
 2
 1
 3
 3
 3
 2
 1
 2
 3
 3
 1
 3
 2
 3
 2
 2
 2
 2
 2
 2
 1
 1
 2
 2
 2
 2
 2
 2
 1
 1
 3
 3
 1
 1
 3
 1
 1
 1
 1
 1
 1
 2
 2
 2
 3
 2
 3
 2
 3
 3
 3
 3
 1
 3
 2
 1
 2
 2
 3
 1
 1
 2
 1
 2
 2
 3
 2
 1
 3
 3
 1
 3
 2
 1
 1
 3
 2
 2
 3
 3
 3
 1
 1
 3
 2
 2
 2
 3
 3
 2
 2
 2
 2
 2
 3
 2
 3
 1
 1
 1
 1
 2
 2
 2
 1
 1
 1
 3
 1
 2
 2
 2
 3
 1
 1
 2
 2
 2
 2
 2
 2
 3
 1
 2
 1
 3
 2
 3
 2
 1
 1
 1
 2
 1
 1
 1
 2
 1
 1
 1
 1
 2
 1
 1
 2
 1
 2
 2
 2
 2
 2
 2
 1
 2
 1
 2
 2
 1
 3
 2
 2
 2
 2
 3
 3
 3
 2
 2


